15.3022019517174 1.03092350658679 10.5455681089173 1.96338135448857 7.0312255407191 1.41534782554228 0.574299671012114 15.3898544836867 
16.1136262732365 0.786837303846763 11.1221168540517 1.94513101991417 7.9031961035476 1.51766303060123 0.725522016302396 15.0666155003501 
14.5544951857897 0.988356623678793 11.307898341965 1.74597283532628 7.25497055146872 0.976750397595728 0.759881588407896 15.6161031907924 
15.79077985074 0.768089875159046 10.8874202218191 1.91050593109057 7.90389421534508 1.5826441362741 0.719822815434001 14.6219479883959 
17.0122921134811 0.758017716637769 10.6014702774207 1.88217410752708 7.61336865816895 1.54925245409745 0.667935963403726 14.8686811861252 
15.6638710968801 0.922129074438491 10.8025481947582 1.9552467906982 7.41988143838161 1.46095189701199 0.641702699119824 15.2457799672022 
15.0006194740572 1.01375444165565 10.8530488633446 1.87569109560472 7.12147158071884 1.23844251313493 0.649152884875594 15.4811103727139 
15.4015500467209 0.878873899096083 11.2069657688959 1.85417278702224 7.60714273845745 1.2706209251065 0.741214496970997 15.3175739503978 
15.5179574077487 0.914856467691846 10.6965296212206 1.94003162640855 7.41659505545739 1.48922569002717 0.638562529505446 15.0507478306589 
15.9535510776155 0.77754186767197 11.0057484921981 1.92796304938511 7.90354224454456 1.54988226079067 0.722696212358722 14.8461384127865 
15.2210249347003 0.869602145243093 11.0812020285763 1.83467910671861 7.60483085387978 1.30341157277422 0.738284326346062 15.0801149704272 
16.5197941607697 0.836613305243673 10.5853707148622 1.90556141409612 7.44571416840018 1.5106885485815 0.640969149996183 15.0187766534847 
16.7917288217069 0.765091027692588 10.7292547303843 1.8976258841655 7.68450221252975 1.541499330612 0.682069547678119 14.9172610274249 
16.4845493348719 0.807476519948185 10.7531558399949 1.85292871421101 7.53641274267112 1.42632373584021 0.687678700923638 15.0291690446185 
16.7162535213427 0.760458746269139 10.6707714392214 1.88904044314751 7.68377873881246 1.55734506755884 0.680510958427571 14.8088843664636 
16.6436709999835 0.871137179980217 9.62293006764157 2.24926806570758 6.35248700081631 1.86290932087789 0.720885343426922 14.9151892986749 
14.2232217609894 0.817014957651189 9.02758526263368 1.80035990952439 7.00988672549682 1.49109365062054 0.671449959264684 15.1438741001041 
10.8056106701798 1.17923599510019 9.38741291558565 2.36435884722837 5.16638014614597 1.65943319198934 0.437236159333637 16.1429790444526 
13.951323272413 0.847458720547202 8.53427483774354 1.79109519418672 5.38989187895154 1.13713493229279 0.645444096990438 15.6907335016968 
14.2196549081217 0.553696998015981 7.16561882809557 1.95529366512972 6.04194379644791 1.14380777932144 0.692053097368806 14.4328227004556 
16.8279866562021 0.88761208326637 10.5872457414828 1.75520047863077 6.88320540412537 1.26656773862734 0.859021582652803 19.2621305419311 
12.3595070798356 0.543939728306569 9.43839868570714 1.2903230424773 5.17755045707672 1.14529501111368 0.776930115187212 18.1635361642129 
16.7009664863408 0.843134146287162 10.3104544790656 2.26072177968776 8.62105840652109 1.69258873553372 0.639857187578797 16.1947691962859 
14.8213651796248 1.04731131540514 12.5727423507663 1.34052127161066 9.61156161027092 1.40904870528797 0.826603530074373 21.3289354417163 
10.3080706050784 1.24122023905938 10.5041712089172 2.15936059506566 8.1834960401295 1.31875542131081 0.53268976575205 16.1030915485518 
20.7229252888016 0.933729863564433 8.80736270199643 2.45368855902196 10.3338686941051 1.83722225335578 0.602298007234233 13.0632677774906 
11.0507472591323 0.789022182589922 9.85115937649896 1.20957763040196 9.31185802981236 1.56369459435857 0.661189431923442 11.3073471146953 
16.1182044378813 0.676973027369567 11.4334996236804 1.9031612394864 7.56844811638038 1.6349078963232 0.884782946191389 16.6587999244295 
11.7810381626379 0.730573265128871 9.23586902082458 2.44955717550196 8.42033076962331 1.20000363087278 0.632909365754968 18.3293654385997 
15.3026389749936 0.986654389872334 11.7464438461039 1.52493673233481 8.60483404000651 1.18747914930768 0.557688065417612 18.7164151618107 
