8.18534624104003 2.47567661967123 10.7464053730147 -3.30868053865712 -7.82374034280599 -6.65651948497204 -2.82586878044101 -13.0116292953126 
16.2782703264948 2.11034761070906 17.0763280649778 -5.05939648492277 -11.8940848129091 -9.91702073372924 -2.69507705256913 -9.50985565694967 
10.6586656273317 1.98084659044413 23.3211386617734 -4.08636219547662 -11.4043350753828 -12.6680131429519 -3.49095701358357 -8.64757380324726 
11.4490979999204 2.07275176266793 17.7400180099633 -5.67343848572977 -7.2739219283958 -15.4921608587332 -2.42696908603238 -12.628272053727 
13.061589635504 2.10847127658472 21.7736346773407 -4.051751467537 -12.1181425633147 -12.8632155959814 -5.14076603533875 -10.2981515654796 
15.4217199670854 2.14901381968681 16.4063727435656 -4.87410173148589 -11.4632819310369 -9.57193118550311 -2.70891997267236 -9.88048133400268 
9.58812440042933 2.1950267523484 17.8783436561913 -3.74975371715176 -9.85452541501373 -10.066023350692 -3.20308300222336 -10.536493344589 
15.5236944304941 2.09295878113285 17.9148538694945 -4.92874170400774 -11.828323364054 -10.2864119406213 -2.80194432648626 -9.39407222783062 
10.0572038674567 2.24458736344875 14.757447914794 -4.66493877300761 -7.50840331101191 -11.7240196846292 -2.59708807335371 -12.7917626420503 
15.6151093379863 2.10518480059074 17.167468585592 -5.14371915404768 -11.2596258252471 -10.6826209621629 -2.65825940927711 -9.93808889453529 
11.0590144913701 2.02739596338865 20.4943372926748 -4.89020603079964 -9.31230763729848 -14.0984256223736 -2.95205403729141 -10.6637716184253 
12.137334351586 2.17807228932661 19.683506247109 -3.91090795814147 -11.3041709006039 -11.686782999777 -4.70199466022741 -10.8124708737486 
15.1973261376524 2.10971708108462 18.6548267639832 -4.72078406715628 -11.9693779322866 -10.9070699557327 -3.51693459691448 -9.77475726306813 
12.4979407940809 2.078534621811 22.1366294391212 -4.05987003335 -11.950706238985 -12.8174273662584 -4.75377379566778 -9.91097900396831 
12.6757787533705 2.09992488981935 20.808536210913 -4.43976247188987 -10.9590959083341 -13.4922270392165 -4.49145265482986 -10.8556650565327 
18.6595959984352 2.36694551173115 10.4728449756042 -5.01939192512991 -17.2325615345931 -10.1890488046405 -2.81511535400835 -11.0151702927697 
12.8976001560454 1.33247873177212 14.9649596257229 -3.78155955040231 -7.29559720192568 -15.1833942157741 -2.72384532685397 -10.4048135929103 
9.81992913384251 1.60006305363773 15.0638888467421 -6.17002103045262 -8.30259611655203 -9.23527493824785 -2.05726002228662 -13.4255941370189 
11.0810718359131 1.85581779654784 18.8135618869526 -4.64255547552131 -6.76105877242787 -10.5004692051799 -2.29754428787291 -9.7272262821942 
11.1618347233232 2.08103665263064 17.8282717298161 -5.15166096499062 -8.89611413913503 -12.3713057739023 -2.30680206473314 -10.2453877932193 
16.8755878346869 2.15185363476417 16.0442061964197 -6.41067589794477 -7.91339149392052 -9.4172287668464 -2.32303717956658 -7.73334552561745 
9.98551402706187 1.99880533575943 20.8084669407643 -3.92981817481527 -10.0020308991977 -10.7794704523533 -2.25764251455001 -11.5129995204771 
11.8379366349788 1.53366365205051 13.5027442699043 -3.21033991854411 -8.87343038585125 -11.5191333982912 -3.08759275946212 -11.5115973856878 
15.4694793345567 2.09154130566198 20.9112977234276 -5.23020410132672 -9.29373691754116 -10.9518824652081 -3.20781570590083 -4.96689329884642 
9.01414250285357 2.21509255101612 15.0890765988994 -4.23506341636382 -10.077315369443 -11.5962298154286 -3.04674375516649 -5.49204723347547 
14.8898913271686 1.67331392159974 27.3034725846251 -5.03660178079943 -8.99315417251364 -14.3767134110599 -5.32053698347879 -9.76941408342778 
13.0985299074419 2.07758212102657 13.5758530745048 -5.53545617847822 -10.6472555581351 -10.7101186661801 -3.20624967631082 -10.3008650497979 
5.92311965107592 2.27810571084307 24.128690247638 -3.94903446552422 -9.20128410377463 -6.98055036902568 -2.02394584832296 -9.37282508717866 
11.2369988770682 1.90479005938782 16.6687588895831 -5.16142325107202 -7.52076587259138 -9.8433789711267 -2.53806831031479 -5.54440713673583 
11.0310682561641 1.4783467671552 16.8923886189086 -6.11409833088064 -6.42151970818575 -13.2166637387056 -2.58040590078289 -11.8902341015973 
