14.0248888050762 1.12084517118486 13.7747068179767 -4.20245879478495 -7.53330474882163 -10.168734385412 -7.15565372843453 -7.68326763215493 
15.8142360590248 1.52123304940364 10.5626049042979 -4.05577464218084 -10.1570000260582 -10.0066912059148 -5.38740108310567 -7.53518247928969 
14.2483004787788 1.55116351231973 11.4854909488786 -5.69701685637044 -10.281150288609 -11.0144939297009 -6.44532794148877 -5.68557131576722 
13.9956128302733 1.72218217563764 11.2952274094019 -4.45297456227168 -9.39007201330589 -9.72073836813513 -7.5353728274599 -6.78027373198086 
13.9205060830341 1.55378845514747 11.351069577679 -5.80663496402863 -9.97071642080712 -10.7419413362723 -6.70760157760825 -6.17714415668553 
15.736987943666 1.50394785842873 10.7012749241192 -4.06210716054287 -10.04373217657 -10.013686790587 -5.46373852069836 -7.54157548039455 
14.2385557088055 1.53239388770641 11.5853419624527 -5.63182722558503 -10.1612947669011 -10.9776035914514 -6.47631093035922 -5.77270683002656 
15.035482706805 1.53611772832877 11.0215641424686 -4.87197863692248 -10.2187410289194 -10.5078802455057 -5.91351728977607 -6.61535479795552 
13.9997182239487 1.63785620010716 11.6429268165356 -4.41784453314881 -9.12969603485902 -9.78356121274789 -7.4821245104334 -6.90690129849749 
15.4201641222482 1.56477610445577 10.7213546469319 -4.1418426849305 -9.99081672729927 -9.9447289551148 -5.85283854813806 -7.37160359860761 
14.1930832289843 1.58853447329783 11.4439146017631 -5.42516900581482 -10.0864320583953 -10.7317827467899 -6.68352431203505 -5.92478544880545 
13.9406985940548 1.47003693131538 11.8199146195359 -5.49631210270696 -9.4992067582331 -10.6310562448897 -6.79427586446746 -6.46849903115156 
15.5143966264573 1.52638763559544 10.6874446667051 -4.33299313270671 -10.1275052347188 -10.1231053645734 -5.59643202847044 -7.32016056739252 
14.1959279015049 1.55158290637549 11.4640140910012 -5.71453083125371 -10.2315514487845 -10.9709474812385 -6.48723209376499 -5.76411120824544 
13.9652114834021 1.65402057770233 11.3178309329232 -5.00090269033328 -9.62510245584425 -10.1340959798198 -7.20031157368773 -6.53614185167969 
14.4630180960518 1.03873764626458 9.41347109499446 -5.17605388423371 -11.3475490520195 -8.63628874146476 -5.13809377985994 -10.0795787897695 
13.8616573932764 1.20412360884966 12.3929444401269 -4.25206073201106 -8.22914983017721 -8.88338565440446 -8.54048703145195 -6.36030044729396 
10.9079638833493 1.50433161606464 10.8736700835594 -4.50596559103811 -8.25615531370724 -6.4522582638253 -5.52994571567408 -10.3598337077342 
17.7824522402403 1.83378426817765 11.6502467524385 -6.01133925313479 -9.93887185155903 -9.52414160708698 -6.26499105943859 -5.30000622615136 
12.5324502361464 1.22026925008981 14.0635340600172 -4.67942626552847 -8.39375484214139 -11.215214445286 -6.42590097098569 -6.25336808758256 
13.3018657002882 1.20011061817755 10.4675841179092 -4.54549036231355 -8.11861089435877 -8.46994425741473 -5.43610155082289 -11.2998920601956 
14.2602318804532 1.23757586819943 8.38489726649301 -5.87987945691473 -10.7116282897637 -8.53201480281799 -5.80196990924477 -6.84165043606194 
17.3724274075409 1.38454568879232 13.1577619236988 -3.2566380068721 -7.28592487810838 -10.3870775241542 -7.76109736027214 -8.46139809251354 
15.5866783851269 1.40747743902885 13.1588930174866 -4.39668173274273 -8.56223743587997 -10.3753966768697 -5.97325672484968 -6.74241897183471 
11.5667472440343 1.43126038119192 15.359654747869 -4.25058836662699 -7.80674601566569 -13.476137679382 -8.28713715068461 -6.96533252120763 
11.3217069931043 1.20164756768865 9.37723784569536 -4.3980786223265 -10.9611508147629 -6.96366082135543 -6.02826331050841 -5.82214413510562 
15.44141181526 1.00581983560828 7.02610181322913 -4.9964494110643 -10.0040973835472 -7.23531547965321 -5.78555421769878 -7.91997717182251 
13.9026305567133 1.58277033760136 10.5029809679334 -4.8394404352256 -9.16467685957029 -11.7717963882095 -5.36478402893144 -7.45796192228691 
14.0918866019693 1.49591986041656 10.1615527633015 -4.2482306333189 -12.3045039915659 -10.9392354420145 -5.37979044635708 -5.48251972342903 
16.0196154858347 1.4366192475529 9.16003559801588 -4.99825241534834 -9.15662959482004 -8.66851618778389 -5.3027807193727 -8.79544807833983 
